timestamp,left_iris_x,left_iris_y,right_iris_x,right_iris_y,iris_center_x,iris_center_y,gaze_screen_x,gaze_screen_y,left_ear,right_ear,blink,head_yaw,head_pitch,velocity,event
1772998664.396101,265.18648529052734,227.38570976257324,331.3258514404297,229.866548538208,298.4782640407802,228.38853734569727,,,0.3241,0.3221,0,4.15,6.16,,other
1772998664.465521,265.01445388793945,227.3408718109131,331.45967864990234,229.8960943222046,298.2994314066256,228.5360776055413,,,0.3272,0.3208,0,4.21,6.19,3.3396498178409333,fixation
1772998664.505905,265.3084716796875,227.76770496368408,331.11387634277344,230.566520690918,298.1465230510205,228.65887425653196,,,0.3291,0.3184,0,4.8,6.42,4.856206997119564,fixation
1772998664.547052,265.5070495605469,227.67095947265625,329.85872650146484,229.99355792999268,298.01788486854696,228.75981749310205,,,0.3309,0.3169,0,4.66,6.45,3.9739355500537887,fixation
1772998664.587975,264.6529769897461,227.520489692688,331.1858673095703,230.2894277572632,297.91186275378726,228.8417975096844,,,0.333,0.3268,0,4.8,6.44,3.2749261758784844,fixation
1772998664.629341,264.8351325988769,227.5650873184204,330.4991989135742,230.50919437408447,297.82680260132355,228.90770450071184,,,0.3486,0.3152,0,5.07,6.41,2.601313638898879,fixation
1772998664.721532,264.75424575805664,227.6780405044556,329.6965408325196,230.16641521453855,297.761050305738,228.96042866061717,,,0.3378,0.3219,0,4.84,6.43,0.9141921876245477,fixation
1772998664.768704,264.5789985656738,227.64573097229004,330.72882080078125,230.39182376861567,297.7129517616143,229.00286018383434,,,0.3359,0.318,0,4.97,6.45,1.359703912188974,fixation
1772998664.828182,264.46677017211914,227.57169914245603,330.76708984375,230.79079055786133,297.6910446955263,229.03673233812682,,,0.3406,0.318,0,5.35,6.48,0.6782182030131314,fixation
1772998664.884874,264.6144256591797,227.44496726989743,330.61106872558594,230.75107383728027,297.69369319139173,229.07221186482218,,,0.3437,0.3184,0,5.45,6.57,0.6275694123832758,fixation
1772998664.948257,264.8250160217285,227.3839702606201,330.8377227783203,230.90287399291992,297.7209827736572,229.1221463206092,,,0.3455,0.3196,0,5.17,6.46,0.8977967771624575,fixation
1772998664.998974,264.9890441894531,227.6225709915161,330.65868377685547,230.89571857452395,297.7300538999409,229.13564971689564,,,0.3446,0.3139,0,5.19,6.33,0.3207469738862391,fixation
1772998665.062217,264.72482681274414,227.5847625732422,330.9480056762696,230.898250579834,297.6951436751328,229.1068141038748,,,0.3484,0.313,0,5.07,6.35,0.7159587286907347,fixation
1772998665.132984,264.24779891967773,227.71033000946045,331.0554885864258,230.6077423095703,297.622111942722,229.11321756693962,,,0.3471,0.3182,0,4.83,6.36,1.035963109716111,fixation
1772998665.180267,264.0462188720703,227.5889654159546,330.876091003418,231.08255767822263,297.48838421642614,229.1934484495293,,,0.3524,0.3151,0,4.97,6.29,3.298192978498431,fixation
1772998665.220651,264.16402435302734,227.8832960128784,330.06056213378906,230.98470497131348,297.3083206270541,229.33784594189558,,,0.3475,0.3061,0,5.22,6.32,5.715423204669846,fixation
1772998665.2882,263.6321449279785,227.7879409790039,329.8734359741211,230.2601537704468,297.07888612576363,229.5002634050562,,,0.3453,0.3111,0,4.3,6.4,4.161487692128059,fixation
1772998665.329811,264.0718002319336,228.39725303649905,328.2111129760742,229.70920085906985,296.8075293223464,229.6358157412038,,,0.3255,0.27,0,3.74,6.13,7.289619412809892,fixation
1772998665.399871,263.9890556335449,229.86639404296875,327.44504165649414,230.1232624053955,296.51830670976307,229.7273293205784,,,0.2989,0.2436,0,3.61,5.84,4.329935254574045,fixation
1772998665.440013,263.72285079956055,230.98295402526853,328.5381774902344,231.61332321166992,296.24433922367865,229.77746703012542,,,0.275,0.196,0,4.54,5.93,6.938336373351877,fixation
1772998665.480166,263.7559280395508,230.44283294677732,327.61316680908203,231.2797536849976,295.9935356669806,229.77127650392077,,,0.2954,0.2017,0,4.61,6.02,6.248095500940204,fixation
1772998665.549083,263.4059028625488,228.4882850646973,327.3414688110352,230.9013433456421,295.80026007261637,229.7273451868138,,,0.3152,0.2783,0,4.6,6.11,2.876001358576838,fixation
1772998665.590399,263.13270568847656,227.55386924743647,327.4579849243164,229.99438190460205,295.65227567302907,229.63266468590268,,,0.3165,0.2726,0,4.03,6.3,4.2521242487347815,fixation
1772998665.630796,263.23468017578125,227.1970796585083,327.4766159057617,230.10437965393064,295.5687050332547,229.53100922922835,,,0.321,0.2674,0,3.57,6.18,3.2576097840070233,fixation
1772998665.671098,263.39276123046875,227.2597017288208,327.53587341308594,230.2603940963745,295.5406165693936,229.3705211656169,,,0.3248,0.273,0,3.42,6.24,4.0426623149778225,fixation
1772998665.713465,263.1371040344238,227.13243198394773,328.24732971191406,230.55659866333008,295.5451448402522,229.17229573501487,,,0.3255,0.2649,0,2.99,6.03,4.679992268041058,fixation
1772998665.776153,262.94585037231445,227.0347995758057,328.0907974243164,230.50693130493164,295.55937567970386,228.97240652477925,,,0.3209,0.2789,0,2.87,6.12,3.1967008629729055,fixation
1772998665.816783,263.6282844543457,227.3070945739746,328.22901916503906,230.9425592422485,295.6186146411938,228.87003318851927,,,0.3282,0.2742,0,3.15,6.08,2.911096331534719,fixation
1772998665.907041,263.0564193725586,227.19557762146,328.0518264770508,230.2322645187378,295.6895315290785,228.85369215487538,,,0.3174,0.2848,0,2.32,6.39,0.8063012017921778,fixation
1772998665.955657,264.10423278808594,227.63282775878903,328.0220184326172,230.86677360534668,295.74522762779975,228.8673157043883,,,0.3383,0.2711,0,2.49,6.17,1.1794094374139403,fixation
1772998666.024434,263.2175407409668,226.9281005859375,328.4018249511719,230.07425594329837,295.78676105166767,228.88268912530802,,,0.3175,0.2767,0,2.27,6.29,0.6439256305562306,fixation
1772998666.064276,263.5870704650879,227.24409770965576,328.10475158691406,230.7894401550293,295.79902247119855,228.87336431113914,,,0.3445,0.2829,0,2.42,6.24,0.3866374900421773,fixation
1772998666.10544,263.2538604736328,226.83542919158936,328.3733596801758,230.45886039733887,295.8057119690755,228.84764794092786,,,0.319,0.2837,0,2.6,6.19,0.6455212552711653,fixation
1772998666.1658,263.5178565979004,226.9269132614136,328.27569580078125,230.99838638305664,295.7841575009222,228.790286532514,,,0.3256,0.277,0,3.05,6.24,1.0151964384743877,fixation
1772998666.213911,263.0051574707031,226.08608722686768,328.0647888183594,231.0793104171753,295.7509535387835,228.7267237926599,,,0.3302,0.2835,0,3.22,6.27,1.4905708049753763,fixation
1772998666.255458,263.1015625,226.25821208953855,327.98658752441406,230.82103157043457,295.6981016569677,228.6533611995019,,,0.3311,0.2787,0,3.04,6.17,2.1762760462644772,fixation
1772998666.338676,263.3208465576172,226.35863399505612,328.0002212524414,230.927830696106,295.62314117289003,228.57800952711585,,,0.33,0.2829,0,2.99,6.19,1.2772150834739742,fixation
1772998666.411382,262.936149597168,225.62992000579837,327.86448669433594,230.66934299468997,295.50923338432585,228.49007572085318,,,0.328,0.2896,0,3.12,6.35,1.9792104943808848,fixation
1772998666.458816,263.25595474243164,225.78954219818115,328.00538635253906,230.76498126983645,295.4120614582167,228.40943968320093,,,0.337,0.2865,0,3.68,6.06,2.66204625500937,fixation
1772998666.499118,262.0713424682617,225.8720941543579,328.0079803466797,230.24211502075195,295.3673833841616,228.34192036584943,,,0.32,0.284,0,3.05,6.12,2.0089029539512793,fixation
1772998666.5388,262.9115905761719,226.2453203201294,328.24796295166016,230.73166179656985,295.40122270870927,228.30024762215442,,,0.3346,0.2783,0,3.49,6.01,1.3527985046916444,fixation
1772998666.581229,261.8588447570801,225.86638641357425,328.1714553833008,229.98584175109863,295.5314606954779,228.29395465486652,,,0.3142,0.2894,0,3.31,6.45,3.073134511438792,fixation
1772998666.620888,262.7971649169922,226.1844320297241,328.3764343261719,230.5503215789795,295.6795146213183,228.27354902817117,,,0.3281,0.2781,0,3.7,6.01,3.768461937382162,fixation
1772998666.661718,262.9460334777832,226.20582962036133,328.1022491455078,229.42811107635495,295.87256099107435,228.24022461907734,,,0.3039,0.2834,0,2.6,6.26,4.797992752817993,fixation
1772998666.703478,265.0941772460937,227.5918836593628,329.5500564575196,230.11916542053223,296.11480030546124,228.20463422682553,,,0.3191,0.2619,0,3.5,5.89,5.862994730008951,fixation
1772998666.744787,265.36450576782227,227.2230577468872,329.3383560180664,228.79638862609863,296.3701183311338,228.13984192772776,,,0.3058,0.2643,0,1.8,6.01,6.3766184295459025,fixation
1772998666.785822,265.26728439331055,227.02408504486084,329.6379470825196,229.75589847564697,296.63531809108764,228.05705387214402,,,0.3278,0.2876,0,3.61,5.96,6.77036450143211,fixation
1772998666.846307,265.1785888671875,226.4216108322144,329.18882751464844,228.87526988983157,296.85970600531897,227.95957043250615,,,0.3131,0.2831,0,2.4,6.08,4.044773680673628,fixation
1772998666.895337,264.86775970458984,226.29030990600583,328.3236846923828,228.196234703064,297.07792953909575,227.88208742618957,,,0.3257,0.278,0,3.31,6.08,4.723040753384622,fixation
1772998666.936053,265.528923034668,226.3809585571289,329.917106628418,228.74623489379883,297.22275906664584,227.78738828375833,,,0.3332,0.2861,0,3.14,6.03,4.249981446021333,fixation
1772998666.999637,265.22631072998047,226.1224536895752,329.57568359375,228.9256181716919,297.3018722281636,227.70490702668928,,,0.3137,0.2952,0,3.06,6.26,1.79745839070562,fixation
1772998667.040117,265.4989433288574,226.23015975952148,328.85975646972656,228.71191120147705,297.291366301009,227.61719975436762,,,0.3225,0.2962,0,3.57,6.02,2.1821628851521115,fixation
1772998667.081289,265.5377769470215,226.29377460479736,329.04479217529297,228.9579849243164,297.27357699987755,227.58475841289976,,,0.321,0.3015,0,3.62,6.04,0.8986355311604898,fixation
1772998667.148187,265.5179634094238,226.39683723449707,329.1345901489258,229.1460428237915,297.23828058677515,227.56451731643511,,,0.3294,0.2976,0,3.83,5.94,0.6082153724325402,fixation
1772998667.207279,265.8636512756348,226.6339445114136,329.16705322265625,228.73320865631104,297.2295018997218,227.5900929868398,,,0.3253,0.2967,0,3.38,5.95,0.45759704501419207,fixation
1772998667.255075,265.4788856506348,226.72392082214355,328.3510437011719,228.2096357345581,297.2437625909128,227.621275319336,,,0.3307,0.2993,0,3.34,5.94,0.7173937065056638,fixation
1772998667.323496,265.2366256713867,226.80447578430176,328.8348922729492,228.58226680755612,297.2286888009304,227.643284315111,,,0.3293,0.3009,0,3.27,5.8,0.3898812463136795,fixation
1772998667.393416,264.9461364746094,226.7298059463501,329.0519485473633,228.7948036193848,297.2096210194301,227.6680210114594,,,0.3295,0.3008,0,3.31,5.96,0.44669371550520404,fixation
1772998667.433477,265.1335334777832,226.83934879302976,328.9886932373047,228.5555820465088,297.1859210679387,227.69045952471123,,,0.3365,0.3006,0,3.27,5.98,0.814682979081587,fixation
1772998667.473671,265.2966995239258,226.4789457321167,329.00587463378906,228.8411865234375,297.14298558052633,227.71062979633928,,,0.3347,0.2969,0,3.48,5.8,1.180207081686605,fixation
1772998667.518194,265.4747009277344,226.6298017501831,329.9679336547852,229.07627964019773,297.1092055707231,227.72676364812713,,,0.3247,0.2937,0,3.8,6.02,0.8408046731479999,fixation
1772998667.568158,265.1917610168457,226.80613231658936,329.17769622802734,228.6691417694092,297.0522369058271,227.74817182667152,,,0.3322,0.2986,0,3.48,6.03,1.2180452038890386,fixation
1772998667.61438,265.00191497802734,226.8851194381714,328.19127655029297,228.9119052886963,297.009441966495,227.77259530661945,,,0.3304,0.3004,0,3.56,5.79,1.0660267755026704,fixation
1772998667.707161,264.8816146850586,226.83724880218503,327.9479141235352,228.75836563110352,296.9560890794144,227.7845723304952,,,0.3278,0.2983,0,3.34,6.06,0.5893519907299329,fixation
1772998667.776954,264.99995040893555,227.03018474578855,328.74022674560547,228.62402057647705,296.89649751331984,227.80532327136106,,,0.3342,0.2919,0,2.86,5.96,0.9041189226068176,fixation
1772998667.822212,264.854923248291,227.0814657211304,328.49451446533203,228.6860475540161,296.81752373280085,227.84093812242932,,,0.3293,0.2911,0,2.87,5.94,1.9142009666825255,fixation
1772998667.863265,264.7481803894043,226.8462896347046,328.8028106689453,228.7067213058472,296.7138221324935,227.87870690752013,,,0.3334,0.2936,0,2.87,5.94,2.6883580685045403,fixation
1772998667.919657,264.6964988708496,226.99700832366943,327.6041488647461,228.89690780639648,296.599129532253,227.9084551291961,,,0.3287,0.2919,0,2.99,5.81,2.1011465394392794,fixation
1772998667.965829,264.6565017700196,226.9901418685913,328.8951721191406,229.0168418884277,296.5028359026479,227.9356299934573,,,0.3281,0.2867,0,3.32,5.86,2.1670032852234966,fixation
1772998668.038777,264.7004699707031,227.0079002380371,328.096923828125,229.0812749862671,296.416381803676,227.96010322936866,,,0.3243,0.2934,0,3.22,5.94,1.2317130152401727,fixation
1772998668.08502,263.1534309387207,226.83524322509768,329.05694580078125,229.6469964981079,296.30889298932897,227.99369407096748,,,0.3299,0.2916,0,3.22,5.89,2.4352949690827095,fixation
1772998668.152987,262.7365608215332,226.7135524749756,328.8476104736328,229.5034532546997,296.1624890745553,228.02471104894428,,,0.3311,0.2975,0,3.47,6.02,2.2018567853294377,fixation
1772998668.2028,262.595890045166,226.625807762146,328.8077850341797,229.25222396850583,296.018043972177,228.0556456236389,,,0.3375,0.2981,0,3.24,6.05,2.9654983388679006,fixation
1772998668.243959,262.6209526062012,226.65495586395264,328.89827728271484,229.2797327041626,295.8976374116968,228.10666140007933,,,0.3296,0.2948,0,3.5,5.96,3.1771562753402804,fixation
1772998668.288843,262.41407012939453,226.6093626022339,328.6949462890625,229.5307388305664,295.8271941319646,228.17435950884067,,,0.3372,0.2974,0,3.43,5.94,2.1767237977025,fixation
1772998668.330463,262.560001373291,226.71180725097656,328.7117462158203,229.7396879196167,295.7505476737231,228.22134176813137,,,0.3376,0.2948,0,3.33,6.09,2.160018686603748,fixation
1772998668.371712,262.14237213134766,226.59649085998532,328.5935363769531,229.77215480804443,295.7063399305367,228.206360913847,,,0.3438,0.2901,0,3.53,6.04,1.1315921952439134,fixation
1772998668.413391,262.1690139770508,226.67116928100583,328.5707015991211,229.439715385437,295.65039540031,228.10292960288626,,,0.3389,0.2898,0,3.47,6.18,2.8213578360779903,fixation
1772998668.453758,262.3121528625488,226.83712577819824,329.16687774658203,229.3415508270264,295.5470492282923,227.89779962304632,,,0.3288,0.3006,0,3.04,6.28,5.690126701935286,fixation
1772998668.494679,262.21554946899414,226.82868003845212,329.3815994262696,229.051194190979,295.3974492618815,227.60367110082927,,,0.3316,0.2938,0,2.87,6.12,8.064018475065334,fixation
1772998668.562629,261.5353279113769,225.73356342315677,329.06432342529297,228.3725652694702,295.18458322433713,227.2163430219215,,,0.3467,0.2934,0,3.7,6.34,6.504298981353462,fixation
1772998668.617285,260.57674407958984,223.59400749206543,328.3069610595703,227.8094930648804,294.9167168012126,226.73235825747332,,,0.3619,0.2847,0,4.55,6.46,10.120877076582234,fixation
1772998668.658587,260.365966796875,222.52320384979248,328.1763229370117,227.4987630844116,294.63641527152794,226.18116993944804,,,0.3739,0.2846,0,5.06,6.78,14.971849341976398,fixation
1772998668.739071,259.96484375,222.7138996124268,326.9696578979492,226.56408977508545,294.3607615212661,225.68109792461954,,,0.3863,0.3089,0,4.62,6.42,7.094759621628411,fixation
1772998668.785235,259.69482040405273,222.3946180343628,326.97510147094727,226.4580545425415,294.12178765012027,225.31789597860887,,,0.3882,0.3019,0,4.94,6.7,9.41791777968242,fixation
1772998668.825435,259.8164863586426,222.606053352356,327.3716506958008,226.8416233062744,293.94567307092484,225.14867025996853,,,0.3804,0.3061,0,4.62,6.48,6.0756486753929195,fixation
1772998668.865251,259.61546325683594,222.39464664459229,326.99467849731445,226.7460479736328,293.8581662379396,225.1910971009795,,,0.3797,0.3011,0,4.6,6.61,2.442466465616317,fixation
1772998668.906413,260.0589065551758,223.2346343994141,327.5811462402344,226.64877319335935,293.8854779859683,225.44900549304435,,,0.3527,0.2991,0,3.9,6.42,6.300723711963681,fixation
1772998668.947019,261.50438690185547,224.11159801483157,327.73704528808594,228.5136566162109,294.0146898854288,225.87536426329234,,,0.3425,0.2695,0,4.15,6.13,10.971479945337867,fixation
1772998668.987873,262.6455421447754,226.96587467193604,326.44512939453125,229.57498168945312,294.18388026970644,226.38715857940448,,,0.3143,0.2783,0,2.84,6.07,13.19418838118835,fixation
1772998669.029396,262.9411811828613,227.4521656036377,327.44093322753906,229.9940814971924,294.40514760409025,226.9181634858009,,,0.3132,0.2613,0,3.84,5.71,13.85404419138675,fixation
1772998669.070941,262.5376281738281,227.5541181564331,327.7350387573242,230.02101802825928,294.6516801886523,227.42303297869307,,,0.3112,0.2628,0,3.98,5.8,13.523834081310149,fixation
1772998669.138737,262.27316665649414,227.05697536468503,327.8945007324219,229.7930603027344,294.90284074761297,227.85876978551096,,,0.3082,0.2743,0,3.74,5.78,7.418426018421081,fixation
1772998669.212934,262.80416107177734,227.24479007720947,327.96604919433594,229.65384578704837,295.11202203920436,228.1815170553253,,,0.3107,0.2756,0,3.26,5.84,5.18358976206997,fixation
1772998669.270046,262.98046493530273,227.1254653930664,327.7926177978516,229.6023187637329,295.30501484835645,228.3768128636176,,,0.3111,0.2807,0,3.55,5.8,4.807508876668249,fixation
1772998669.315721,262.6475028991699,226.837589263916,328.1911315917969,229.75999546051025,295.4650286306887,228.42085912476767,,,0.3052,0.2644,0,3.86,5.9,3.6336106366078296,fixation
1772998669.360812,263.9052429199219,226.95291137695312,328.5000228881836,229.4236936569214,295.6273112423445,228.36199746279271,,,0.3112,0.2685,0,3.51,6.08,3.8284376853006403,fixation
1772998669.414553,263.91318130493164,227.02906036376956,328.6712112426758,229.43200778961184,295.7599426114935,228.27977039386792,,,0.3153,0.2666,0,3.73,5.97,2.903789012932024,fixation
1772998669.460493,263.7147979736328,226.88009548187256,328.3037643432617,229.24076557159424,295.8996276362261,228.20107210936538,,,0.3178,0.2724,0,3.22,5.92,3.489948742937168,fixation
1772998669.500975,263.6808395385742,226.834153175354,327.9871368408203,228.77022457122803,296.0326818503407,228.12915766836312,,,0.3123,0.2766,0,2.78,5.97,3.7361278147416783,fixation
1772998669.543013,264.48828125,227.1077671051025,329.5565719604492,229.48948860168457,296.14243918543025,228.0441621824644,,,0.3147,0.2758,0,3.65,6.18,3.3022269859472013,fixation
1772998669.58395,263.78065490722656,226.6333694458008,328.5878372192383,228.95815086364743,296.29954361893476,227.96931908022913,,,0.3125,0.2783,0,3.3,6.07,4.25095100842662,fixation
1772998669.625928,264.1509704589844,226.6299505233765,329.07466888427734,228.99666023254397,296.4687170786422,227.89517436129077,,,0.315,0.2689,0,3.48,6.11,4.400130127296,fixation
1772998669.686306,264.1099052429199,226.379430770874,328.98189544677734,228.7796115875244,296.64432389555276,227.8171972160482,,,0.3199,0.291,0,3.48,5.99,3.1822986628833814,fixation
1772998669.734986,264.4646072387696,226.60521411895752,329.7329635620117,228.670844078064,296.8408461933811,227.73460475080543,,,0.3263,0.288,0,3.02,6.03,4.379051754472157,fixation
1772998669.776582,264.38863372802734,226.3685417175293,330.0506591796875,228.63510990142825,297.0385969520515,227.65055891504184,,,0.3298,0.2983,0,3.01,6.08,5.16564599724113,fixation
1772998669.853706,264.9027633666992,226.52390670776367,330.513671875,228.51842880249023,297.2495281425975,227.58002550878444,,,0.3353,0.3029,0,2.71,6.08,2.883822993722313,fixation
1772998669.893865,265.5057029724121,226.5921277999878,331.6703872680664,228.8450403213501,297.4145816091445,227.52924102791633,,,0.3281,0.3089,0,2.57,6.01,4.3001236656181145,fixation
1772998669.963775,264.8268013000488,226.03116130828855,330.47705841064453,228.6920957565308,297.5841243351505,227.54970498596742,,,0.3436,0.3036,0,3.25,5.81,2.442765426589353,fixation
1772998670.003793,265.1325798034668,226.12796688079837,330.8219146728516,228.74716758728027,297.60952814673647,227.6326833686208,,,0.3422,0.3079,0,3.09,6.03,2.1685193401189338,fixation
1772998670.072648,265.01078033447266,226.0783653259277,330.58126068115234,229.1667995452881,297.6584070305057,227.7808303481792,,,0.3442,0.3097,0,3.65,5.86,2.265660438546271,fixation
1772998670.113428,265.41361236572266,226.22180557250977,330.6001739501953,229.48221015930176,297.75637126068955,227.95051676994757,,,0.345,0.3057,0,3.87,6.1,4.804672462234604,fixation
1772998670.168334,266.4735374450684,226.76624393463132,330.6996078491211,230.0534677505493,297.9635884028181,228.10191130030609,,,0.3324,0.2905,0,4.52,6.29,4.6740078371709215,fixation
1772998670.209267,267.1347045898437,227.391697883606,328.75194549560547,229.89302730560303,298.29741789809043,228.1825726855413,,,0.3276,0.279,0,4.54,6.24,8.390224125677676,fixation
1772998670.249266,267.09109115600586,227.72111320495603,330.3455276489258,229.8479404449463,298.9235332108837,228.15529542032033,,,0.3215,0.3003,0,5.44,6.12,15.668118753598453,fixation
1772998670.290068,267.66259002685547,228.1984663009644,331.01007080078125,228.7576475143433,299.7546532163756,227.977611455086,,,0.3188,0.2926,0,5.78,5.91,20.829889770507645,fixation
1772998670.330766,267.5653419494629,228.1203088760376,339.94185638427734,227.42921447753903,300.8392043351248,227.69230067840215,,,0.3225,0.2807,0,6.46,5.5,27.55540907019274,fixation
1772998670.398091,268.1169128417969,227.0774803161621,339.9470443725586,226.2337131500244,302.07069952003746,227.29790379493346,,,0.3165,0.2816,0,6.63,5.6,19.206924189368042,fixation
1772998670.438803,270.90429306030273,225.27455520629883,340.5392761230469,226.19387340545651,303.46522967188355,226.8653392645856,,,0.314,0.2745,0,7.3,5.65,35.86367290813546,other
1772998670.507036,272.2582778930664,224.73777866363525,342.5911560058594,225.25339794158936,304.86733350034564,226.39744108593464,,,0.3175,0.2827,0,7.66,5.38,21.662753808491246,fixation
1772998670.585411,273.3277244567871,224.89417362213132,346.2506408691406,224.24727058410645,306.31040674157873,225.9942034550278,,,0.2968,0.2865,0,6.66,5.83,19.11771379187293,fixation
1772998670.639235,273.8207893371582,224.79284191131592,342.48815155029297,224.188307762146,307.5779370379739,225.6479502613239,,,0.2962,0.2742,0,7.92,5.46,24.412418222306023,fixation
1772998670.690112,274.80711364746094,224.6942138671875,348.1082229614258,226.9123020172119,308.6779601046994,225.436268062854,,,0.323,0.2976,0,6.59,5.97,22.01787266483855,fixation
1772998670.731064,274.51097869873047,224.49857425689697,345.49139404296875,226.11847686767575,309.4610042877689,225.34488978946308,,,0.3203,0.2789,0,8.63,5.7,19.250794407284776,fixation
1772998670.771987,275.7333755493164,225.06612968444824,348.1380615234375,227.06982135772705,310.16199668094663,225.3727113992565,,,0.3204,0.3054,0,6.75,5.74,17.14308175205296,fixation
1772998670.814261,275.01598739624023,224.36047840118408,345.8386001586914,226.59457111358645,310.6438167320281,225.4904961787853,,,0.3201,0.2755,0,8.49,5.65,11.73316694165745,fixation
1772998670.875481,276.16242599487305,225.1648006439209,348.42113494873047,227.36719608306885,311.03711157173024,225.66370107360223,,,0.3201,0.3095,0,6.82,5.63,7.019691090641331,fixation
1772998670.924215,274.9220771789551,224.4038429260254,346.1929626464844,226.3952178955078,311.26670871232375,225.8307754099235,,,0.3252,0.2789,0,8.6,5.82,5.826544156720023,fixation
1772998670.965656,276.06869888305664,225.3088216781616,348.2459716796875,227.45282077789307,311.57073029461094,225.918019770441,,,0.3323,0.3298,0,7.01,5.93,7.632354190642863,fixation
1772998671.005799,275.38016510009766,224.48029232025144,346.12193298339844,226.98167037963867,311.5816578215813,225.9463444178237,,,0.3272,0.2803,0,8.29,5.86,0.7562824142753132,fixation
1772998671.046741,275.96117782592773,225.18303966522217,348.742301940918,227.333890914917,311.496624937416,225.92950942332715,,,0.3407,0.3326,0,6.91,5.85,2.1172262826871897,fixation
1772998671.08784,274.8652038574219,225.0758399963379,345.88065338134766,227.40528774261475,311.16068689322157,225.75905631660797,,,0.316,0.2755,0,8.36,5.85,9.165842595483928,fixation
1772998671.128036,275.2347831726074,224.6438226699829,348.00545501708984,227.20049285888672,310.6767699062061,225.60992678597398,,,0.3557,0.3323,0,7.74,5.53,12.597655560582629,fixation
1772998671.184903,272.92555236816406,225.4071493148804,344.2525177001953,225.20401096343997,309.8501006158479,225.56598800508888,,,0.3281,0.2652,0,8.58,5.53,14.557438584041396,fixation
1772998671.225014,272.35888290405273,225.241192817688,346.3711624145508,224.89783000946045,308.89867313706986,225.7275940131932,,,0.3584,0.311,0,7.25,5.64,24.059565432514454,fixation
1772998671.265721,271.0732879638672,226.26499271392825,336.01180267333984,225.343900680542,307.8070105521424,225.9855471028859,,,0.3165,0.2545,0,8.65,5.45,27.55599627582694,fixation
1772998671.305881,271.4482879638672,225.6177978515625,339.4071960449219,224.4799032211304,306.69100590867976,226.32583166323377,,,0.3587,0.2919,0,8.25,5.56,29.052095956851193,fixation
1772998671.365647,270.8478813171387,226.2628755569458,334.7474899291992,225.95148181915283,305.5124210046602,226.71986856795223,,,0.3239,0.265,0,9.2,5.55,20.79290228639315,fixation
1772998671.413608,268.2704772949219,229.3712539672852,336.26063537597656,230.61811637878415,304.4262073861855,227.16054194888562,,,0.2909,0.2587,0,11.34,5.16,24.440695013434325,fixation
1772998671.457587,267.4252281188965,229.46175956726077,333.6283187866211,231.5446758270264,303.36684905210643,227.6257900106308,,,0.2842,0.2424,0,10.37,5.19,26.308513054034197,fixation
1772998671.498122,268.0292510986328,228.68634510040283,337.5123672485352,230.837007522583,302.4645222468246,228.0774162246244,,,0.287,0.2555,0,8.96,5.45,24.893049616850533,fixation
1772998671.559922,266.7890319824219,227.00335693359372,336.1315689086914,229.24245929718015,301.6536370182471,228.45510674143156,,,0.3026,0.2869,0,8.38,5.7,14.47460433727403,fixation
1772998671.608804,266.1579933166504,227.41097831726077,334.2271041870117,228.9534101486206,301.0705912681518,228.71245702779117,,,0.3024,0.267,0,8.05,5.73,13.037841530684164,fixation
1772998671.667674,266.122745513916,227.359468460083,332.8244094848633,230.4584856033325,300.4755692788908,228.8739220876115,,,0.3169,0.2983,0,6.43,6.09,10.472900419138249,fixation
1772998671.715789,265.4046211242676,227.2724962234497,332.89159393310547,229.66517543792725,300.02265011510167,228.82843542898303,,,0.3251,0.3158,0,5.78,6.27,9.460613174291495,fixation
1772998671.756819,264.8748779296875,227.50851917266849,331.610954284668,229.65889835357663,299.6276694352019,228.63097522809596,,,0.3364,0.3296,0,4.52,5.9,10.762590772558033,fixation
1772998671.796978,264.980655670166,227.93985557556152,331.8334350585937,229.21709060668945,299.29653790147773,228.4944968375944,,,0.327,0.3147,0,4.11,6.18,8.918407661968027,fixation
1772998671.838859,265.4892463684082,227.97586154937744,331.8821105957031,229.11571311950684,298.93532716356106,228.44627217831646,,,0.3452,0.3105,0,4.05,6.41,8.701200603156206,fixation
1772998671.880123,265.49598693847656,227.81112957000727,332.077880859375,229.34630012512207,298.69288185095013,228.49341960753083,,,0.3567,0.3084,0,4.18,6.59,5.985560021947114,fixation
1772998671.921105,265.3972053527832,227.83230113983157,331.74459075927734,229.6457290649414,298.5622834433211,228.61212724349994,,,0.3627,0.3027,0,3.86,6.75,4.306435962831995,fixation
1772998671.962101,265.6326370239258,227.3174314498901,331.8192138671875,229.499493598938,298.4579585173961,228.7980157495619,,,0.3706,0.3051,0,3.84,6.77,5.199581767141554,fixation
1772998672.002047,265.4641342163086,227.57072067260745,331.7655563354492,231.75413990020752,298.4490442102996,229.1513902313895,,,0.3664,0.3212,0,2.47,6.97,8.84910128204432,fixation
1772998672.042891,265.4717674255371,228.434045791626,331.49073791503906,231.67573928833008,298.5430078917053,229.63061575880806,,,0.3633,0.3021,0,1.7,7.05,11.956493127076891,fixation
1772998672.083812,265.3538131713867,229.0881385803223,331.36824798583984,231.9356374740601,298.7106739016095,230.204025007213,,,0.3546,0.3012,0,1.65,7.12,14.599347404050711,fixation
1772998672.154405,265.3737373352051,230.69904327392575,333.02518463134766,233.32378578186035,298.9899328247758,230.84234780196311,,,0.3376,0.3099,0,0.5,8.07,9.869748774402096,fixation
1772998672.209412,265.50608825683594,231.740252494812,334.26837158203125,234.50726795196533,299.43364200342563,231.51133577931023,,,0.3313,0.3185,0,0.5,8.21,14.59377420735342,fixation
1772998672.281591,264.6416816711426,232.1134042739868,335.7569885253906,234.6791353225708,300.0273486318342,232.171407536228,,,0.3303,0.3204,0,1.28,8.22,12.299952456796419,fixation
1772998672.345105,266.9552154541016,233.2450017929077,338.40613555908203,236.0727882385254,300.75196999276335,232.82380172956812,,,0.3001,0.3155,0,1.1,8.17,15.351507174875863,fixation
1772998672.406609,266.586612701416,232.4445533752441,339.05208587646484,235.60750579833984,301.6143483504293,233.3832784933556,,,0.3144,0.3107,0,0.58,8.15,16.713746085120267,fixation
1772998672.471881,267.8464660644531,232.48368072509768,340.0488586425781,235.8053684234619,302.5846712670842,233.87588458991178,,,0.3146,0.3022,0,1.47,8.11,16.671867631942686,fixation
1772998672.519317,269.24752044677734,232.86761569976807,341.32738494873047,236.2355489730835,303.59346431837656,234.25980821576331,,,0.323,0.3119,0,1.18,8.12,22.754444579446137,fixation
1772998672.575982,270.2868118286133,233.13512420654297,342.26829528808594,236.5118923187256,304.5667807135035,234.5243292648437,,,0.3151,0.3105,0,1.11,7.99,17.79965928516883,fixation
1772998672.631243,270.79090881347656,233.18974113464355,342.26148986816406,236.9869565963745,305.47233368233486,234.69856991433073,,,0.3161,0.3122,0,1.39,8.12,16.68745543700028,fixation
1772998672.675162,272.0783462524414,233.48789405822757,343.0492630004883,237.5928897857666,306.2302436402789,234.81491847407045,,,0.309,0.3076,0,1.56,7.65,17.459116043154552,fixation
1772998672.742827,272.70304107666016,233.197434425354,343.9321060180664,236.6647710800171,306.81279667849753,234.88740106160986,,,0.2914,0.3175,0,1.19,7.69,8.67577248751967,fixation
1772998672.793321,272.9686851501465,233.2999591827393,343.8689880371094,237.0573263168335,307.30829505733914,234.97093511784175,,,0.2919,0.3154,0,1.15,7.51,9.951495657263674,fixation
1772998672.837608,272.7783012390137,233.0849647521973,343.6279525756836,236.62033939361567,307.6685362670901,235.0498528049781,,,0.297,0.3118,0,1.21,7.67,8.32710320575857,fixation
1772998672.883678,272.91989517211914,233.170223236084,343.5337219238281,237.02574920654297,307.92245951762425,235.12994686122798,,,0.3005,0.3151,0,1.16,7.56,5.779389270632616,fixation
1772998672.937711,272.9705581665039,233.09079551696777,343.1578826904297,236.76478385925293,308.11498345430715,235.2060410889271,,,0.3043,0.3147,0,1.23,7.71,3.8312931318531946,fixation
1772998672.984019,272.75012588500977,233.456657409668,342.926383972168,237.0492868423462,308.29100368867216,235.27899785140426,,,0.3048,0.3079,0,1.42,7.71,4.114638375423703,fixation
1772998673.023999,273.9725379943848,233.09507846832275,343.90967559814453,238.16369819641116,308.4688498333852,235.35771866572816,,,0.3324,0.3058,0,0.97,7.72,4.864681137178221,fixation
1772998673.064542,274.0638008117676,233.189603805542,344.24053955078125,238.1307849884033,308.67830334206667,235.426629840335,,,0.338,0.3116,0,1.16,7.85,5.43861870479961,fixation
1772998673.132559,274.2322120666504,233.0046443939209,344.28224182128906,238.9705867767334,308.9878324804311,235.46646311626003,,,0.3354,0.3196,0,1.65,7.87,4.588289054824944,fixation
1772998673.192114,274.873233795166,232.3454933166504,345.11560821533203,239.0093050003052,309.40890645571244,235.45955565608736,,,0.3516,0.337,0,3.15,8.11,7.071282813998691,fixation
1772998673.261119,275.26000595092773,231.62622356414795,345.831787109375,238.7425374984741,309.9063291990299,235.38206876813126,,,0.3599,0.3335,0,3.51,7.93,7.295464707020108,fixation
1772998673.326838,275.9094352722168,231.4312162399292,346.7016372680664,238.70953273773196,310.43940276101296,235.25737512064313,,,0.3344,0.3496,0,4.32,8.0,8.330347567637244,fixation
1772998673.378498,276.4244918823242,230.7895917892456,347.5572052001953,238.7424774169922,311.0156152725741,235.0645656976626,,,0.3229,0.3548,0,5.16,7.67,11.76179959073858,fixation
1772998673.425339,276.48129653930664,230.23946857452395,348.3289566040039,238.0146532058716,311.55292121217224,234.82691962641587,,,0.2873,0.3495,0,5.97,7.57,12.542766196979443,fixation
1772998673.466425,277.8393325805664,230.9299964904785,349.33155059814453,237.78903579711917,312.11087310989774,234.5738461422706,,,0.2962,0.374,0,6.22,7.21,14.911747886942702,fixation
1772998673.506661,278.12569427490234,230.5648498535156,349.42940521240234,236.7774896621704,312.7528959293474,234.31386447640085,,,0.2907,0.3584,0,5.62,7.32,17.215039207330406,fixation
1772998673.5578,278.55659103393555,231.02385234832764,349.33939361572266,236.563024520874,313.437834389056,234.09713005482644,,,0.2942,0.342,0,5.9,7.28,14.048171894936,fixation
1772998673.599017,279.2344055175781,231.11086177825928,349.84423065185547,236.4748020172119,314.166942083127,233.91531810831071,,,0.303,0.341,0,5.9,7.37,18.231241969440745,fixation
1772998673.654948,280.8833923339844,231.76324081420896,350.8016586303711,235.03752994537356,314.89842406669516,233.75765592574317,,,0.3319,0.2941,0,6.47,7.01,13.378608952793295,fixation
1772998673.70699,281.6888961791992,232.2721996307373,350.21070861816406,234.7402868270874,315.6000730359938,233.63780202706397,,,0.3205,0.2946,0,5.05,6.78,13.677641804592296,fixation
1772998673.747993,282.9024543762207,232.40117740631104,352.96456146240234,234.4696340560913,316.26710585913827,233.5570136600976,,,0.3277,0.2996,0,5.22,6.74,16.386790679505015,fixation
1772998673.809155,283.304874420166,232.42849159240723,354.82910919189453,234.36301517486567,316.9388513283648,233.51273233888105,,,0.337,0.3065,0,5.86,6.77,11.006890726401375,fixation
1772998673.855474,283.236442565918,232.5263385772705,353.4085998535156,234.6968050003052,317.5860256166041,233.44946068824902,,,0.3354,0.3035,0,5.6,6.7,14.03872559224801,fixation
1772998673.923792,283.3455123901367,232.43101501464844,353.62828826904297,234.19636631011963,318.08046255740237,233.34216322186484,,,0.3343,0.2995,0,5.82,6.48,7.405751070873796,fixation
1772998673.967979,283.0486869812012,232.57843780517575,353.0474624633789,234.4153861999512,318.28046476655027,233.33184348844128,,,0.3324,0.3072,0,5.74,6.46,4.532282323511526,fixation
1772998674.029676,283.2093391418457,232.5962591171265,352.8030700683594,234.7710027694702,318.1071692670272,233.48158473628416,,,0.3354,0.306,0,5.67,6.61,3.712139333794175,fixation
1772998674.071553,283.07273864746094,232.85399436950684,353.2447509765625,234.74405193328855,317.7601380711989,233.83944330848618,,,0.3276,0.3055,0,5.65,6.65,11.903688396854095,fixation
1772998674.115697,282.8653221130371,232.88627815246585,352.43260955810547,235.01594352722168,317.1202743008913,234.25747384749053,,,0.3208,0.3009,0,5.39,6.57,17.314131053643944,fixation
1772998674.157197,281.40486907958984,232.88372898101807,347.7079086303711,234.1606950759888,316.2690728032691,234.66442958243363,,,0.3125,0.2836,0,6.02,6.62,22.734438955257176,fixation
1772998674.19787,277.7916412353516,233.1800165176392,346.1847686767578,238.3491096496582,315.1325845063621,234.9846458401139,,,0.2863,0.2657,0,8.47,6.47,29.03002695544314,fixation
1772998674.238421,277.8809509277344,236.3907594680786,342.65672302246094,239.8243761062622,313.68331349841617,235.23996545148003,,,0.2067,0.244,0,8.97,6.45,36.28988294731432,other
1772998674.291854,277.1670722961426,235.42892360687256,342.3993377685547,239.64506435394287,311.98035533529566,235.37979883598408,,,0.2263,0.2607,0,7.53,6.8,31.978204372035062,other
1772998674.338418,276.0701103210449,233.63020420074463,344.20194244384766,239.52283000946045,310.1412527926955,235.40675061396973,,,0.2387,0.2848,0,5.53,7.24,39.50038620623825,other
1772998674.380111,269.81884765625,231.1745195388794,339.4090118408203,235.2353868484497,308.25401157601743,235.25996180968474,,,0.3004,0.3073,0,2.06,7.72,45.401924943852705,other
1772998674.422207,267.2464141845703,230.78843879699707,337.92881774902344,236.1667127609253,306.2590720447422,234.92766085538267,,,0.3278,0.3297,0,3.18,8.09,48.043033805059224,other
1772998674.463338,264.62531661987305,231.62556266784668,332.76023864746094,234.6758108139038,304.02983194801857,234.49438593672824,,,0.3207,0.3288,0,2.44,8.06,55.213039114752874,other
1772998674.50366,263.74679946899414,232.5862798690796,332.47344970703125,234.8233966827393,301.6066644455524,233.95489448802692,,,0.3098,0.3346,0,0.55,7.98,61.56671443959075,other
1772998674.544777,262.5101509094238,232.84883308410645,330.4150695800781,232.8185977935791,298.9937465037601,233.46288606073688,,,0.298,0.3315,0,0.12,8.08,64.66521683842817,other
1772998674.61418,258.6936149597168,233.48891830444336,330.1526870727539,231.8719825744629,296.0904815043749,233.17061161826464,,,0.3164,0.3291,0,-1.08,8.1,42.043319065504726,other
1772998674.683134,252.13616561889648,231.45072555541992,327.0146827697754,232.4512767791748,292.94553409369047,233.0977656510119,,,0.3421,0.3033,0,-1.76,7.99,45.62159369172086,other
1772998674.749487,248.6853179931641,231.8933515548706,318.22342681884766,234.3309631347656,289.8821668084944,233.25679641639766,,,0.3093,0.2583,0,-1.6,7.77,46.2300068904895,other
1772998674.7914,243.67113494873047,233.7264032363892,316.72491455078125,235.5263156890869,286.7917600483823,233.48282709121494,,,0.2889,0.2671,0,-1.12,7.39,73.93074250594366,other
1772998674.878997,241.0285530090332,234.3623285293579,320.45750427246094,234.49603843688965,283.86545198079733,233.78903933555216,,,0.3034,0.2983,0,-1.59,6.96,33.588835521398515,other
1772998674.929143,239.50184631347656,234.78132247924805,314.2321434020996,235.15836811065677,281.01762446134427,234.16395681919778,,,0.3116,0.3046,0,-1.66,6.75,57.28090523888013,other
1772998674.992022,239.85100173950195,234.72146129608157,305.8709182739258,235.5129518508911,278.5316937743486,234.60460433000648,,,0.3254,0.2876,0,-0.87,6.82,40.15138666886649,other
1772998675.05515,239.41014862060547,235.606427192688,306.3226852416992,235.82695770263672,276.61931764157396,235.0449591400452,,,0.3377,0.2941,0,-1.32,7.09,31.086377297341652,other
1772998675.125403,239.71016311645508,235.6984977722168,309.44557189941406,236.8509864807129,275.42105524517524,235.45996648061714,,,0.3348,0.3116,0,-1.19,6.99,18.050424447295967,fixation
1772998675.202307,239.8339881896973,235.75042247772217,306.5888023376465,236.6403751373291,274.8654503593789,235.78844540368013,,,0.3369,0.2816,0,-1.11,6.98,8.392819194762275,fixation
1772998675.249457,240.7901496887207,235.42040348052976,308.8030128479004,237.65872192382807,274.8064706193161,236.0483705795129,,,0.3311,0.2825,0,-1.49,7.21,5.652880896835174,fixation
1772998675.290308,242.27097702026367,235.3009414672852,306.1259880065918,238.14501857757568,275.118980097575,236.2789365537859,,,0.3252,0.2663,0,-1.12,7.16,9.506696589576185,fixation
1772998675.331027,242.57008743286133,235.4197196960449,313.7206230163574,237.45911693573,276.0073152785406,236.43251880591464,,,0.3324,0.2818,0,-2.13,7.43,22.139859961472435,fixation
1772998675.392912,243.2728729248047,235.1832618713379,315.56008529663086,238.29063320159912,277.1090865487444,236.55454202724746,,,0.3167,0.2787,0,-1.92,7.29,17.912417765966435,fixation
1772998675.4402,243.6204261779785,236.03547477722168,316.7472419738769,237.85256481170651,278.19347395037266,236.6289317897318,,,0.3086,0.2785,0,-1.92,7.39,22.985363707506405,fixation
1772998675.491256,244.56978607177732,236.04391193389893,317.3155708312988,237.7122859954834,279.1793243683296,236.67600449710733,,,0.3123,0.2764,0,-1.74,7.44,19.331231866502456,fixation
1772998675.535072,245.6189765930176,235.91112899780276,318.7960777282715,237.22380352020264,279.88026312497976,236.7132884460588,,,0.3175,0.271,0,-1.94,7.46,16.019906290953127,fixation
1772998675.575072,245.4746208190918,235.7389297485352,318.7809028625488,237.13446521759036,280.2800538230274,236.70733671865253,,,0.3132,0.2768,0,-1.88,7.51,9.995884472779053,fixation
1772998675.64317,246.09862518310547,235.97732162475583,320.3087501525879,237.13627338409424,280.5399325723141,236.72160456886678,,,0.3179,0.2752,0,-2.29,7.57,3.82198978220378,fixation
1772998675.683973,245.5704574584961,236.1853322982788,313.1458511352539,238.1416711807251,280.68140332683413,236.77662123104847,,,0.3031,0.2716,0,-1.82,7.56,3.7201223606019056,fixation
1772998675.731026,245.7266502380371,235.6922721862793,316.3160095214844,237.5875568389893,281.0468900786858,236.7988252580835,,,0.3045,0.2657,0,-2.1,7.44,7.781898856624871,fixation
1772998675.788897,245.92916870117188,235.52564907073972,314.557315826416,237.83782482147217,281.71202436247944,236.73716128293498,,,0.3037,0.2697,0,-1.62,7.57,11.542661790828321,fixation
1772998675.835298,245.76803970336917,235.39907455444336,313.7450294494629,237.66217517852783,282.7032438490474,236.63078195520342,,,0.3213,0.2703,0,-1.2,7.58,21.48468856192247,fixation
1772998675.875615,251.7720603942871,236.7631931304932,320.52069091796875,236.10869121551517,284.00688330374874,236.47817336975908,,,0.2955,0.2795,0,-2.67,7.43,32.5556802972589,other
1772998675.916561,253.76021194458008,236.69852256774905,325.0795707702637,237.44732093811035,285.59956551711116,236.27203861404172,,,0.2936,0.2763,0,-2.13,7.82,39.22156408510893,other
1772998675.957723,256.33918380737305,236.49965286254883,328.0276412963867,235.512731552124,287.4761474486288,236.02974502998956,,,0.3088,0.2873,0,-2.07,7.7,45.96857346362296,other
1772998675.99818,261.1326026916504,235.44715976715088,329.4301452636719,233.7910509109497,289.5922580103151,235.80373539228836,,,0.2995,0.2996,0,-0.92,7.65,52.602644633205415,other
1772998676.038777,260.23149490356445,235.92632389068604,330.4178924560547,233.01351928710935,291.6661647648074,235.665457914459,,,0.2861,0.3231,0,-0.25,7.82,51.19839396134977,other
1772998676.080358,261.4031295776367,235.58409976959229,331.3000030517578,235.49989700317383,293.66327617289085,235.64216521470144,,,0.2762,0.3079,0,0.94,7.93,48.03278656683548,other
1772998676.120993,262.79593658447266,235.20178699493408,331.40318298339844,235.66858291625977,295.43321372050684,235.7565382400183,,,0.2601,0.2969,0,1.19,7.96,43.64795694750206,other
1772998676.162027,263.4955062866211,235.6849021911621,332.83453369140625,236.25177669525144,296.8330692885554,235.96600099758518,,,0.2693,0.2994,0,1.63,8.2,34.49433471319901,other
1772998676.203321,264.9106559753418,236.01261234283447,335.7028045654297,237.61467361450195,298.09189287290656,236.25069369090477,,,0.2804,0.3015,0,2.77,8.02,31.254221231872286,other
1772998676.244354,265.2150192260742,236.5329122543335,335.68785858154297,238.9153861999512,299.2597333598337,236.63388175101477,,,0.2797,0.2883,0,3.05,8.01,29.953894958611663,fixation
1772998676.284005,266.65327072143555,236.62067127227783,337.4237747192383,239.82561206817627,300.3847654215499,237.0329865402997,,,0.2901,0.3023,0,3.07,7.81,30.105886389385244,other
1772998676.338989,267.91357421875,236.7312812805176,338.3923797607422,240.5531702041626,301.5469524547189,237.3931067215947,,,0.294,0.3088,0,3.68,7.74,22.12826567769025,fixation
1772998676.392005,269.59423446655273,236.27355766296387,339.67501068115234,240.11450672149655,302.67913576063734,237.67710710091018,,,0.2906,0.2923,0,4.27,7.37,22.01714348987864,fixation
1772998676.432722,270.8605499267578,234.822003364563,340.9694366455078,240.17218780517575,303.78201722740346,237.87827925165095,,,0.2671,0.3107,0,5.16,7.69,27.533349690086375,fixation
1772998676.473266,272.1818161010742,235.0969076156616,341.4670181274414,240.2573518753052,304.86145088869773,237.96944736278465,,,0.2645,0.3071,0,4.94,7.5,26.71868341016889,fixation
1772998676.534253,271.7861747741699,234.55309009552,342.2332000732422,240.74151420593265,305.88715593609555,237.93653152475707,,,0.2701,0.3096,0,5.99,7.54,16.82708009858203,fixation
1772998676.580316,272.7232437133789,234.86222648620603,342.9254608154297,240.2010326385498,306.8636946588823,237.79665420127395,,,0.2697,0.3147,0,5.96,7.21,21.416359490198218,fixation
1772998676.668162,273.2459526062012,235.6958284378052,343.8888320922852,240.17530059814453,307.70825828818926,237.55537378097654,,,0.2905,0.3187,0,5.99,7.34,9.998777146044784,fixation
1772998676.716428,274.8396415710449,234.8761854171753,344.0189743041992,239.15596389770508,308.397698922977,237.22441569503195,,,0.3206,0.3006,0,6.58,7.01,15.844766940584364,fixation
1772998676.777678,275.91429901123047,235.0099668502808,344.8275451660156,237.28636264801025,308.94344673821774,236.84090853932443,,,0.3234,0.3039,0,6.54,6.86,10.890161019087369,fixation
1772998676.845852,276.4384765625,234.5526752471924,345.17728424072266,237.3095998764038,309.32607559775806,236.37433033887805,,,0.3263,0.3029,0,6.42,6.84,8.850999783664367,fixation
1772998676.894639,276.10028076171875,232.8165578842163,344.01881408691406,237.1711778640747,309.5742245140725,235.82265814099003,,,0.3204,0.3007,0,6.56,6.92,12.399037605631431,fixation
1772998676.936329,275.3327331542969,232.28330898284912,343.6051025390625,236.28819179534912,309.66425483256376,235.21580340323123,,,0.3164,0.3086,0,7.3,7.0,14.715723571857525,fixation
1772998676.978305,274.4478225708008,230.6535129547119,343.9355697631836,236.01006603240967,309.56711742377956,234.60901461189354,,,0.3011,0.323,0,7.35,7.12,14.639593401729886,fixation
1772998677.01836,273.6771850585937,230.21291542053223,343.6842498779297,235.81634902954104,309.3048582556882,234.02581350461782,,,0.3268,0.3324,0,8.14,6.86,15.964518153912422,fixation
1772998677.059416,273.6293067932129,230.1232681274414,343.67455291748047,235.4115858078003,308.89987608202824,233.5370147192431,,,0.3196,0.3334,0,8.24,6.89,15.461054443841503,fixation
1772998677.100841,272.2911186218262,229.56578922271729,342.6085586547852,234.91266345977783,308.40385408383986,233.18102109845282,,,0.3209,0.3328,0,8.31,6.78,14.738648065313471,fixation
1772998677.140934,272.47900772094727,230.30373573303223,342.0485153198242,234.8878126144409,307.91589595551216,232.9382613150974,,,0.3135,0.3367,0,7.76,6.83,13.593653031893677,fixation
1772998677.181744,270.48839950561523,229.986611366272,341.8404846191406,235.04751205444336,307.42609248119743,232.82229590673916,,,0.3362,0.3422,0,8.77,6.8,12.333812819022423,fixation
1772998677.223249,270.5017547607422,230.845121383667,341.34901428222656,235.0525960922241,306.90306203174316,232.80632373571953,,,0.3282,0.3367,0,8.05,7.1,12.607542119855724,fixation
1772998677.264324,270.21044540405273,230.4927263259888,340.8939895629883,235.19205951690677,306.33236271171893,232.86487495258987,,,0.3385,0.3504,0,7.45,7.16,13.967014671715976,fixation
1772998677.304593,269.6727752685547,231.2484369277954,340.3706817626953,235.5385036468506,305.73402728166144,232.97306969243462,,,0.3423,0.3504,0,7.43,7.19,15.099379414490468,fixation
1772998677.381387,269.7200164794922,231.8321685791016,339.59696197509766,235.97740745544436,305.10587702079226,233.12001244386653,,,0.3442,0.3215,0,7.39,7.07,8.400515948053487,fixation
1772998677.427803,269.0127182006836,231.11176586151123,339.06786346435547,235.61160278320312,304.4258458377091,233.28055957052817,,,0.3553,0.3288,0,6.51,7.3,15.053541175578305,fixation
1772998677.468482,267.6340446472168,230.7021331787109,336.5499801635742,236.28014659881592,303.6800798167202,233.42928650624424,,,0.3663,0.3242,0,5.75,7.37,18.693970534329804,fixation
1772998677.509426,267.41119384765625,230.694580078125,335.997184753418,236.5689382553101,302.8609725904634,233.56081577955268,,,0.3565,0.3173,0,5.96,7.59,20.26177826629136,fixation
1772998677.572645,266.73415756225586,230.94626426696777,335.4790802001953,236.69030857086184,302.02507514703115,233.64185918353064,,,0.3492,0.3131,0,5.64,7.63,13.28428505868839,fixation
1772998677.613308,266.0672645568848,231.99728107452395,334.9661102294922,236.43408966064453,301.2678945338213,233.68053097777386,,,0.3537,0.2998,0,4.63,7.45,18.64514293303424,fixation
1772998677.680113,264.82035064697266,232.2550449371338,334.2550506591797,236.1069459915161,300.62807694212995,233.835384525554,,,0.3508,0.3057,0,3.61,7.27,9.853889910223625,fixation
1772998677.721537,263.8061332702637,232.5883827209473,333.4595642089844,235.79783248901367,300.2572158746906,234.1233847939244,,,0.3292,0.3157,0,3.64,7.53,11.335331974578558,fixation
1772998677.791387,265.05258560180664,232.89884090423584,333.61912536621094,236.2151756286621,300.1647002291552,234.55604808084695,,,0.3406,0.3157,0,3.27,7.41,6.334204303946029,fixation
1772998677.86149,265.20458602905273,232.65241813659668,333.9990005493164,236.58488273620603,300.4160052285384,235.00243080606634,,,0.3399,0.3131,0,3.28,7.54,7.30727514098765,fixation
1772998677.912229,268.7665824890137,233.30584716796875,335.1167984008789,237.31869792938232,300.88953540190914,235.4022637581204,,,0.3491,0.3119,0,3.08,7.88,12.214571838383128,fixation
1772998677.98193,269.5672492980957,234.43137073516849,336.59083557128906,239.32525062561035,301.6170156834395,235.72634242267083,,,0.3443,0.2845,0,4.14,7.62,11.425969373336764,fixation
1772998678.027029,270.7268295288086,236.8394079208374,337.5834350585937,241.80452156066892,302.5332031154341,235.99768375996166,,,0.2847,0.2315,0,4.17,7.26,21.18723854739719,fixation
1772998678.067052,272.5665397644043,235.2022762298584,340.7549819946289,239.2268915176392,303.61358977835687,236.23540404072753,,,0.2719,0.3055,0,2.69,7.38,27.639977139841342,fixation
1772998678.13345,272.3815155029297,233.36224937438965,340.0553131103516,239.59010982513428,304.7794281844153,236.41170805536103,,,0.2965,0.2917,0,4.65,7.29,17.75793384853369,fixation
1772998678.194252,272.0095672607422,232.2648038864136,343.79869842529297,237.80935764312744,305.9257724301778,236.49013645467681,,,0.2839,0.3361,0,5.97,7.22,18.89780467150055,fixation
1772998678.241381,272.6459770202637,232.5525541305542,343.0057144165039,238.19692039489743,307.04284287431847,236.46934573265474,,,0.297,0.3032,0,6.41,7.03,23.70654799500116,fixation
1772998678.282376,274.5467834472656,233.9503498077393,344.8159866333008,237.90564823150635,308.0428355104661,236.33520625606366,,,0.284,0.3414,0,6.28,7.06,24.61144805030004,fixation
1772998678.371293,274.4819450378418,233.83903312683103,345.1743621826172,239.3625783920288,308.9477430938206,236.1273691549435,,,0.3096,0.3243,0,6.35,7.02,10.44196780876015,fixation
1772998678.439208,276.3757781982422,234.4589738845825,346.1742630004883,238.19977855682373,309.743853917822,235.94284448379142,,,0.3162,0.3143,0,6.13,6.86,12.03292837146047,fixation
1772998678.485827,277.6925506591797,234.88654804229736,345.77032470703125,236.87362003326416,310.3967344806054,235.92263332263443,,,0.3074,0.2926,0,6.31,6.66,14.011329882953888,fixation
1772998678.556847,277.9321517944336,234.86268424987796,346.3212890625,236.55848693847656,310.9796276424721,235.99380447228987,,,0.3064,0.3016,0,5.84,6.63,8.26838967733634,fixation
1772998678.607929,278.2954788208008,235.36613273620603,346.7758026123047,236.5160179138184,311.4120546252005,236.11503204592296,,,0.3137,0.3037,0,5.56,6.8,8.791729878233715,fixation
1772998678.660447,277.7104187011719,236.0459861755371,346.2004470825196,236.24122524261475,311.7280783509283,236.21415391622944,,,0.306,0.2865,0,5.51,6.83,6.306499952557922,fixation
1772998678.705438,277.4704666137696,235.82143306732175,346.3695068359375,237.31127643585205,311.88713185141336,236.29914870534142,,,0.309,0.2987,0,6.0,7.01,4.00833201643024,fixation
1772998678.756778,277.2875289916992,236.15855598449707,346.6131057739258,237.32193660736084,311.94015920037987,236.362375481499,,,0.3043,0.2918,0,6.1,7.08,1.6073174926337404,fixation
1772998678.831683,276.98482513427734,235.92565155029297,346.1565475463867,237.44095516204837,311.8753739561213,236.43969109634946,,,0.3032,0.3016,0,6.03,7.08,1.3466455195476932,fixation
1772998678.879198,276.877685546875,236.1086311340332,346.4001922607422,237.674503326416,311.7640581216408,236.5255377327448,,,0.297,0.3038,0,6.14,7.1,2.958494596355244,fixation
1772998678.923865,276.5236587524414,235.7407464981079,346.12918853759766,237.48638248443604,311.6042835527904,236.58517710684748,,,0.296,0.3007,0,5.85,7.05,3.818088246708738,fixation
1772998678.973148,276.4253463745117,235.6197824478149,345.87194061279297,237.8164472579956,311.4089031255289,236.6236908329501,,,0.2986,0.301,0,5.8,6.98,4.040746023312493,fixation
1772998679.017846,276.4521903991699,235.28840446472168,345.5482482910156,237.6821966171265,311.1925356012523,236.63618203835978,,,0.3029,0.2985,0,6.19,7.09,4.848713412328592,fixation
1772998679.08041,276.0021858215332,235.01758003234863,345.26470947265625,237.2391414642334,310.96979974135803,236.6177538503847,,,0.3012,0.3067,0,5.85,7.28,3.572298196377019,fixation
1772998679.141448,275.93441009521484,235.1607999801636,345.2770767211914,237.87788200378415,310.75531430724357,236.5635093963331,,,0.308,0.3006,0,6.37,7.17,3.6246012498254205,fixation
1772998679.18999,275.8879051208496,235.1955041885376,344.8425827026367,237.8937463760376,310.5636980603063,236.46855180351318,,,0.3121,0.2948,0,6.57,7.25,4.405553150943691,fixation
1772998679.250165,275.3377914428711,235.33042430877688,344.14405059814453,237.37956619262692,310.4095697619437,236.32798419923319,,,0.3123,0.2939,0,6.39,7.16,3.4665920302148594,fixation
